
--------------- Inside Gauss Siedel Function-------------------------------------------------------0.5587
0.1424
0.5225
0.0485
0.3190
0.4134
0.4097
0.2927
0.3647
0.0726
0.5130
0.0629
0.5735
0.8482
0.6252
0.1961
0.8274
0.6748
0.9067
0.5166
0.8572
0.4755
0.8872
0.7494
0.9269
0.1811
0.0418
0.2348
0.9439
0.6212
0.5604
0.5026
0.7636
0.0829
0.5511
0.0826
0.4962
0.9608
0.3753
0.8610
0.0334
0.8883
0.9239
0.6069
0.7365
0.5491
0.8030
0.5639
0.2239
0.7098
0.0805
0.0812
0.1852
0.9678
0.8306
0.1121
0.1489
0.8724
0.3470
0.0928
0.4936
0.9073
0.5954
0.2572
0.9902
0.1465
0.3398
0.4864
0.1072
0.7151
0.3474
0.1406
0.6034
0.2713
0.7476
0.3399
0.8204
0.5506
0.9038
0.0443
0.2603
0.9843
0.1255
0.4456
0.9521
0.9561
0.5577
0.1010
0.8285
0.9046
0.1937
0.3221
0.8120
0.7891
0.5793
0.8022
0.9356
0.9191
0.2886
0.0428
0.6342
0.6360
0.1835
0.2376
0.9073
0.9310
0.5775
0.7277
0.4816
0.4812
0.7721
0.7419
0.4655
0.8976
0.1875
0.4176
0.8537
0.7452
0.5185
0.6822
0.6498
0.7123
0.0043
0.4618
0.5014
0.5836
0.2640
0.4369
0.5027
0.5526
0.4798
0.1369
0.1886
0.6632
0.3745
0.0959
0.5942
0.9519
0.8237
0.0758
0.4332
0.5957
0.8177
0.8987
0.4933
0.0051
0.3163
0.3470
0.7503
0.8348
0.0291
0.4001
0.5471
0.0334
0.8619
0.0485
0.6170
0.1259
0.4854
0.1197
0.6785
0.9652
0.2566
0.8671
0.6284
0.6311
0.9630
0.2226
0.5830
0.7866
0.2984
0.0162
0.3824
0.1161
0.9149
0.8757
0.1212
0.2312
0.2226
0.8715
0.0660
0.2518
0.2716
0.6131
0.2852
0.1334
0.6616
0.9022
0.2593
0.1470
0.0219
0.9378
0.1122
0.2785
0.8048
0.7406
0.9096
0.7678
0.9632
0.4926
0.5545
0.2616
0.5088
0.9368
0.3777
0.4237
0.8125
0.4989
0.6548
0.0351
0.3704
0.7208
0.2869
0.6420
0.3339
0.5721
0.7754
0.9954
0.4743
0.0347
0.1424
0.4961
0.9725
0.2546
0.7746
0.7773
0.9951
0.6842
0.5451
0.9583
0.1767
0.0995
0.2199
0.6855
0.0364
0.5976
0.1092
0.8489
0.0965
0.7640
0.8840
0.4669
0.4848
0.1710
0.1088
0.8187
0.7431
0.8842
0.8141
0.2173
0.9189
0.9565
0.7135
0.8914
0.2111
0.4881
0.6687
0.2062
0.1722
0.2138
0.1646
0.3490
0.3133
0.3845
0.0345
0.3497
0.9821
0.1436
0.1986
0.0786
0.9076
0.0826
0.5455
0.3924
0.2535
0.6543
0.2111
0.9966
0.5386
0.0252
0.2139
0.4575
0.9818
0.9274
0.3489
0.1929
0.4155
0.0176
0.3991
0.5877
0.2314
0.5637
0.9367
0.5447
0.9482
0.9712
0.8944
0.9304
0.1148
0.0929
0.0090
0.0224
0.1755
0.5545
0.4149
0.4291
0.2088
0.6260
0.4257
0.7474
0.6513
0.6396
0.2049
0.6330
0.5670
0.5539
0.8259
0.9825
0.5715
0.2250
0.5702
0.8029
0.7887
0.5069
0.3476
0.7370
0.4780
0.2419
0.6673
0.5928
0.3349
0.6763
0.6153
0.5104
0.2308
0.0301
0.9395
0.4397
0.6561
0.3652
0.1871
0.3074
0.0048
0.3920
0.9404
0.5718
0.9459
0.7663
0.5543
0.5174
0.9914
0.1245
0.3203
0.7801
0.6314
0.6678
0.5170
0.1094
0.9098
0.1844
0.7022
0.2447
0.8607
0.3175
0.7551
0.0915
0.3476
0.6946
0.5312
0.0038
0.0598
0.7183
0.3112
0.0646
0.1103
0.2516
0.6365
0.0563
0.0180
0.1908
0.5737
0.0093
0.3153
0.8939
0.7894
0.9467
0.5618
0.3064
0.0561
0.4716
0.4908
0.7583
0.7162
0.3515
0.0759
0.4714
0.4430
0.4235
0.1660
0.9742
0.4273
0.2258
0.6925
0.7385
0.2905
0.8028
0.9901
0.9269
0.8591
0.0081
0.1177
0.4328
0.0174
0.4330
0.3267
0.8068
0.3797
0.8885
0.1132
0.4358
0.3601
0.6040
0.1941
0.0763
0.9555
0.2700
0.5477
0.3985
0.6935
0.7137
0.3728
0.1208
0.9395
0.0653
0.8592
0.2299
0.8681
0.8494
0.1568
0.7272
0.8574
0.2745
0.1600
0.8748
0.7075
0.4867
0.6816
0.0871
0.3752
0.7948
0.5229
0.7353
0.3988
0.7170
0.8116
0.3543
0.9869
0.3593
0.7528
0.6804
0.0729
0.1256
0.8012
0.0124
0.1908
0.6604
0.2423
0.0589
0.5098
0.3992
0.7861
0.3672
0.6737
0.9461
0.2420
0.3812
0.4328
0.9236
0.4683
0.8080
0.7183
0.9912
0.5433
0.1171
0.7082
0.3549
0.4713
0.6952
0.7141
0.2241
0.3756
0.7871
0.3497
0.1767
0.7995
0.5405
0.8371
0.0418
0.5994
0.3469
0.4410
0.3856
0.7141
0.1147
0.3317
0.9561
0.4959
0.7645
0.8797
0.9642
0.5726
0.5980
0.9555
0.1158
0.7150
0.6637
0.4707
0.1864
0.3589
0.1848
0.4105
0.7344
0.9719
0.7602
0.9112
0.7714
0.3007
0.7483
0.8132
0.9001
0.0952
0.2542
0.2857
0.8093
0.3688
0.6174
0.7654
0.8647
0.3819
0.6451
0.8290
0.9544
0.2431
0.7844
0.0703
0.9582
0.4481
0.5410
0.1445
0.8069
0.7258
0.5550
0.5414
0.6977
0.3152
0.4525
0.4691
0.6158
0.2009
0.2822
0.5159
0.2961
0.5364
0.8016
0.1054
0.9052
0.4189
0.8709
0.7699
0.8008
0.5160
0.5989
0.7553
0.7591
0.3833
0.8255
0.7173
0.8314
0.3665
0.8618
0.6383
0.0923
0.4168
0.1797
0.7900
0.7320
0.6322
0.2591
0.3478
0.8331
0.5413
0.8638
0.1292
0.0777
0.6654
0.2346
0.9829
0.0843
0.1055
0.7529
0.8851
0.6215
0.3517
0.6404
0.3806
0.7350
0.4659
0.0978
0.5664
0.8325
0.9596
0.2047
0.9248
0.3764
0.3844
0.7148
0.1084
0.0166
0.9739
0.4563
0.8497
0.5152
0.3201
0.9789
0.5929
0.9854
0.2135
0.5758
0.0697
0.3190
0.3287
0.9548
0.9404
0.6804
0.5952
0.3210
0.4155
0.0612
0.4188
0.9819
0.8936
0.3785
0.1867
0.8184
0.7549
0.5711
0.5333
0.8633
0.5877
0.5072
0.3196
0.4374
0.0224
0.6397
0.4163
0.6154
0.6251
0.6298
0.1912
0.6948
0.9488
0.5199
0.6496
0.8892
0.2003
0.2448
0.2102
0.6158
0.3060
0.6291
0.5977
0.1996
0.0075
0.7844
0.0181
0.7624
0.3554
0.5513
0.6257
0.9432
0.0585
0.9453
0.3806
0.0809
0.5850
0.7970
0.6963
0.2100
0.4268
0.8875
0.9048
0.3756
0.4074
0.5544
0.2648
0.6077
0.7993
0.4751
0.2235
0.1053
0.1041
0.8213
0.3049
0.1116
0.6056
0.3230
0.8740
0.9611
0.8743
0.4997
0.9042
0.9328
0.4451
0.2849
0.0137
0.0300
0.0818
0.7100
0.2401
0.5086
0.5975
0.1449
0.8842
0.0049
0.6993
0.1490
0.6126
0.4986
0.6241
0.8361
0.6039
0.7282
0.6574
0.9088
0.8398
0.2630
0.2318
0.7138
0.2241
0.1060
0.2136
0.1283
0.0388
0.6586
0.4132
0.0526
0.6887
0.4950
0.7626
0.9288
0.0036
0.3601
0.0737
0.8878
0.3649
0.7730
0.0369
0.9775
0.2716
0.6609
0.8136
0.8755
0.3892
0.4710
0.7842
0.2290
0.7339
0.0160
0.9428
0.9580
0.1220
0.1564
0.0863
0.1609
0.8150
0.4995
0.2134
0.5037
0.9944
0.9760
0.4325
0.9980
0.3360
0.5061
0.8858
0.7010
0.2791
0.9227
0.6785
0.5507
0.5836
0.4921
0.4262
0.9728
0.9630
0.2104
0.2018
0.6970
0.2264
0.1446
0.6550
0.3484
0.3010
0.7413
0.5093
0.1160
0.2408
0.7227
0.6197
0.2352
0.6987
0.0522
0.2333
0.0347
0.5583
0.1191
0.7357
0.8374
0.0418
0.4142
0.3881
0.6255
0.9063
0.8143
0.5983
0.8693
0.0247
0.8000
0.5663
0.2511
0.9446
0.2213
0.5995
0.2456
0.9626
0.1088
0.3617
0.2034
0.8315
0.9814
0.4386
0.5302
0.0336
0.6718
0.5649
0.5919
0.7909
0.3006
0.4294
0.8327
0.7148
0.8175
0.4582
0.6211
0.6318
0.0564
0.4904
0.6564
0.8565
0.0567
0.9075
0.8011
0.2780
0.5070
0.0468
0.2406
0.6158
0.4085
0.4440
0.4472
0.3899
0.8825
0.9774
0.4235
0.5544
0.5423
0.0155
0.3453
0.8429
0.4448
0.1781
0.5577
0.2623
0.6363
0.1787
0.8941
0.6927
0.6691
0.5505
0.5492
0.7258
0.4581
0.3503
0.0038
0.9650
0.3971
0.2444
0.5808
0.8055
0.6883
0.0280
0.1954
0.5708
0.0054
0.6189
0.1252
0.5477
0.6344
0.4705
0.3906
0.0792
0.6486
0.9483
0.3415
0.2849
0.1270
0.2356
0.9776
0.7961
0.7862
0.5267
0.5219
0.2442
0.8771
0.5257
0.2093
0.2741
0.7701
0.7901
0.0797
0.4584
0.8181
0.2751
0.0292
0.8235
0.8940
0.1544
0.3712
0.5283
0.6250
0.7618
0.6075
0.2736
0.7100
0.9491
0.5584
0.8371
0.1847
0.5360
0.6332
0.9709
0.0627
0.1551
0.2151
0.9398
0.6809
0.4244
0.2139
0.4509
0.2144
0.2936
0.9093
0.0325
0.5686
0.9385
0.8560
0.4626
0.0930
0.2271
0.9909
0.7180
0.9889
0.5985
0.9915
0.6989
0.5475
0.5500
0.5360
0.7322
0.0859
0.1692
0.7031
0.1487
0.3243
0.9182
0.0885
0.0052
0.3425
0.3024
0.4561
0.5570
0.5960
0.3655
0.5894
0.1646
0.3040
0.4454
0.6272
0.3970
0.6725
0.6181
0.1150
0.6614
0.2165
0.1065
0.3604
0.7641
0.6565
0.8964
0.4963
0.7424
0.0656
0.1994
0.8911
0.3899
0.1176
0.9796
0.3951
0.4601
0.2820
0.8513
0.0171
0.8779
0.2167
0.6065
0.0425
0.5208
0.0519
0.6697
0.9178
0.7245
0.2877
0.0328
0.3859
0.5043
0.1393
0.7463
0.2683
0.7958
0.6426
0.7646
0.5382
0.7082
0.9640
0.4293
0.0981
0.0816
0.4089
0.4932
0.5417
0.6909
0.3445
0.5588
0.5688
0.5612
0.1653
0.6113
0.0820
0.2172
0.2810
0.9998
0.9416
0.5687
0.0325
0.3275
0.0730
0.1718
0.0738
0.3413
0.9676
0.7164
0.1060
0.5058
0.4247
0.0700
0.9351
0.5228
0.1516
0.3440
0.0160
0.6933
0.0349
0.3605
0.2521
0.6037
0.9217
0.4173
0.2150
0.0037
0.6345
0.4960
0.0035
0.5761
0.0647
0.0360
0.9036
0.1376
0.2078
0.9774
0.4790
0.1754
0.6939
0.5849
0.6811
0.1185
0.6549
0.6162
0.6413
0.8065
0.9602
0.6573
0.4999
0.9951
0.0178
0.7519
0.5988
0.9395
0.1693
0.8138
0.9432
0.8037
0.3098
0.9466
0.3798
0.3744
0.9826
0.2835
0.5121
0.1904
0.2609
0.9910
0.3658
0.9547
0.5759
0.0469
0.0732
0.2309
0.6631
0.7145
0.0374
0.6233
0.3718
0.5373
0.6184
0.3896
0.2892
0.2172
0.3290
0.4585
0.0310
0.2722
0.2622
0.3408
0.2188
0.6420
0.7152
0.2015
0.9255
0.2273
0.3919
0.1864
0.2183
0.7576
0.1411
0.7943
0.8045
0.2143
0.0251
0.4676
0.9289
0.0626
0.0909
0.3007
0.5998
0.7093
0.6902
0.8890
0.9266
0.0193
0.3475
0.9576
0.2915
0.6097
0.2984
0.5103
0.2517
0.0136
0.7118
0.1772
0.2409
0.1036
0.3635
0.4593
0.8613
0.5046
0.2535
0.6658
0.7190
0.2787
0.1333
0.6479
0.3412
0.2242
0.9485
0.9410
0.9336
0.6388
0.8301
0.8601
0.6580
0.1775
0.8177
0.9495
0.7872
0.1161
0.4598
0.0389
0.1298
0.1716
0.2160
0.3707
0.2752
0.5796
0.8300
0.1365
0.0842
0.0835
0.8023
0.8032
0.3622
0.9356
0.4510
0.7034
0.1599
0.3996
0.6444
0.0934
0.0384
0.4745
0.9536
0.6964
0.6520
0.7713
0.6459
0.4392
0.8874
0.1057
0.4780
0.0172
0.2773
0.6941
0.3879
0.5526
0.2736
0.2179
0.6891
0.3578
0.3014
0.4913
0.1610
0.6636
0.4269
0.6121
0.3670
0.5868
0.0117
0.0114
0.6802
0.0500
0.4859
0.6338
0.7464
0.1379
0.4051
0.3923
0.5771
0.2925
0.4980
0.0551
0.3097
0.7753
0.7492
0.6976
0.3279
0.0229
0.9155
0.0170
0.3807
0.2169
0.5083
0.5417
0.8805
0.9352
0.1538
0.2474
0.5220
0.1655
0.2588
0.2023
0.2155
0.7447
0.8361
0.9619
0.8827
0.2412
0.3542
0.4597
0.5338
0.8522
0.5149
0.8435
0.6275
0.2641
0.5411
0.9554
0.2870
0.4566
0.9724
0.6676
0.6735
0.4807
0.2094
0.5539
0.4159
0.3632
0.8014
0.9380
0.5286
0.0602
0.1403
0.7441
0.8050
0.9764
0.7060
0.6876
0.2176
0.0601
0.1474
0.7514
0.9123
0.6623
0.5948
0.5398
0.9264
0.1359
0.4953
0.2133
0.5925
0.4677
0.8810
0.2660
0.9483
0.0903
0.8199
0.3643
0.4535
0.6213
0.3022
0.9821
0.6815
0.4425
0.7262
0.4865
0.4189
0.4321
0.1741
0.6365
0.4923
0.3215
0.3878
0.4046
0.9837
0.9827
0.9444
0.9101
0.1186
0.4397
0.1234
0.7110
0.9074
0.0044
0.9770
0.8557
0.0947
0.7969
0.2200
0.5482
0.4182
0.5222
0.5303
0.0997
0.9647
0.2565
0.5861
0.3836
0.6886
0.7602
0.0201
0.1809
0.0817
0.4080
0.5855
0.0654
0.3906
0.5299
0.9755
0.5092
0.9696
0.0989
0.2202
0.8770
0.1033
0.1972
0.7327
0.1980
0.9941
0.9527
0.7462
0.4123
0.4749
0.2764
0.5120
0.4397
0.5329
0.0981
0.8233
0.2215
0.8584
0.8435
0.4024
0.9401
0.2514
0.9879
0.0055
0.6420
0.5178
0.9811
0.1512
0.4874
0.0800
0.3715
0.3644
0.1833
0.5687
0.0971
0.3813
0.5628
0.0499
0.1274
0.9751
0.5248
0.4039
0.4871
0.9645
0.9368
0.5853
0.7878
0.1583
0.4436
0.6313
0.5607
0.3837
0.8827
0.5486
0.3892
0.5247
0.0664
0.3703
0.6760
0.5539
0.4503
0.0474
0.9183
0.6336
0.6161
0.0154
0.0148
0.1789
0.0653
0.1423
0.1541
0.5901
0.5461
0.6412
0.5546
0.4829
0.2265
0.3424
0.6412
0.6701
0.9737
0.2019
0.0538
0.8565
0.7505
0.4430
0.3812
0.8169
0.8132
0.0572
0.3708
0.2635
0.1046
0.2891
0.8971
0.7207
0.3045
0.9119
0.8996
0.3698
0.0542
0.0537
0.9600
0.6003
0.6949
0.5146
0.0831
0.9214
0.8570
0.7243
0.5915
0.8308
0.9262
0.6453
0.6872
0.6767
0.0882
0.0684
0.4936
0.9015
0.1256
0.8644
0.1650
0.2301
0.1535
0.0621
0.9508
0.4580
0.9740
0.8505
0.8279
0.0281
0.9042
0.7878
0.6284
0.5991
0.3024
0.7116
0.5205
0.1594
0.4359
0.1120
0.9902
0.3620
0.7572
0.6774
0.0387
0.8455
0.7458
0.5323
0.7470
0.8713
0.3967
0.9120
0.1015
0.5502
0.9741
0.0523
0.0082
0.9481
0.9028
0.8360
0.9762
0.8070
0.6239
0.6046
0.4061
0.9263
0.3161
0.9266
0.0857
0.7520
0.0386
0.0758
0.1140
0.7958
0.7532
0.1528
0.6413
0.4990
0.6851
0.3883
0.3703
0.0818
0.3003
0.4718
0.6319
0.2744
0.5241
0.6401
0.2224
0.4269
0.4761
0.1986
0.2339
0.1000
0.8032
0.6400
0.0263
0.1193
0.5665
0.1119
0.8713
0.6051
0.1877
0.9854
0.4009
0.9409
0.1381
0.0422
0.4399
0.8232
0.4305
0.8102
0.9050
0.7308
0.2820
0.5369
0.0051
0.8061
0.1770
0.2275
0.2331
0.6531
0.4261
0.4670
0.7531
0.2293
0.1069
0.7794
0.3486
0.6734
0.8913
0.2200
0.2785
0.0791
0.2054
0.6794
0.0200
0.3435
0.7216
0.4599
0.1667
0.1521
0.2701
0.0717
0.8829
0.5521
0.6085
0.8880
0.3582
0.7855
0.1155
0.5913
0.4386
0.5416
0.0582
0.1918
0.7709
0.1652
0.9712
0.1195
0.8386
0.8625
0.3395
0.1171
0.9415
0.5448
0.7966
0.9615
0.8883
0.5182
0.4214
0.0550
0.6703
0.6915
0.1267
0.5532
0.2436
0.7352
0.4412
0.6018
0.5208
0.5567
0.1931
0.9594
0.0982
0.2513
0.1512
0.8691
0.4165
0.1223
0.9886
0.2551
0.9848
0.3281
0.3722
0.9263
0.8729
0.1688
0.8878
0.7613
0.6870
0.3092
0.8163
0.3573
0.0007
0.9430
0.9105
0.2443
0.6782
0.3517
0.8461
0.1989
0.9083
0.0392
0.1583
0.0065
0.2905
0.3095
0.8757
0.7070
0.4318
0.8643
0.9621
0.4166
0.1924
0.3343
0.3429
0.0654
0.5031
0.2307
0.8266
0.1901
0.5399
0.6429
0.5474
0.5405
0.5858
0.4579
0.7848
0.2640
0.8096
0.6308
0.4630
0.7179
0.6700
0.6213
0.7244
0.9605
0.9308
0.6001
0.6675
0.3626
0.4644
0.6295
0.7791
0.6568
0.9638
0.1220
0.7222
0.4669
0.3526
0.5488
0.6570
0.8925
0.1916
0.2044
0.4330
0.7775
0.6623
0.2178
0.0415
0.4719
0.8487
0.5045
0.1897
0.5187
0.1258
0.9141
0.4791
0.0566
0.5142
0.1466
0.4191
0.9786
0.7761
0.1983
0.6354
0.7399
0.3202
0.3576
0.2068
0.6729
0.9064
0.8638
0.5654
0.0980
0.0682
0.9984
0.8755
0.7305
0.2162
0.9170
0.2024
0.0649
0.4215
0.3921
0.5835
0.5473
0.3062
0.0627
0.6038
0.8204
0.2093
0.0230
0.7990
0.9854
0.2212
0.4344
0.7253
0.5415
0.7920
0.9321
0.2143
0.6984
0.7959
0.7797
0.7964
0.8641
0.7781
0.6719
0.5946
0.9944
0.5889
0.7970
0.0592
0.0104
0.1890
0.6428
0.5576
0.4952
0.7054
0.1615
0.3156
0.9147
0.1844
0.1146
0.9001
0.4057
0.5490
0.6254
0.9471
0.3410
0.5575
0.1615
0.0394
0.3534
0.9412
0.8358
0.2175
0.7193
0.5076
0.8121
0.7137
0.0965
0.6091
0.7729
0.1069
0.7981
0.4157
0.6646
0.2934
0.1211
0.8260
0.6090
0.0358
0.0105
0.7236
0.9359
0.4161
0.2726
0.5612
0.3632
0.6136
0.1187
0.5247
0.6530
0.4721
0.4659
0.4888
0.6896
0.1852
0.9964
0.5017
0.8989
0.0930
0.1108
0.6718
0.1999
0.9090
0.0875
0.8644
0.2023
0.2086
0.6905
0.8113
0.2444
0.7009
0.5349
0.1802
0.1171
0.8074
0.7415
0.4803
0.4211
0.8601
0.0050
0.0741
0.3322
0.4709
0.5628
0.0218
0.6562
0.5593
0.5235
0.5551
0.6522
0.6343
0.2269
0.8521
0.5432
0.3144
0.7165
0.7456
0.5230
0.4070
0.5568
0.7674
0.1079
0.0917
0.9477
0.2250
0.8991
0.6891
0.7053
0.3202
0.5493
0.7103
0.3943
0.8815
0.1812
0.9571
0.9032
0.8374
0.5163
0.4267
0.3925
0.1686
0.0610
0.6194
0.0207
0.6042
0.9339
0.7372
0.3498
0.4569
0.1441
0.9066
0.2243
0.2520
0.9983
0.1720
0.4770
0.8975
0.8612
0.1823
0.2177
0.4105
0.8926
0.6119
0.2919
0.0738
0.5690
0.1951
0.9112
0.0854
0.6219
0.3037
0.2539
Time taken: 0.2484
End.
