
 Execution time: 0.000209 
 -12810.743516 
 -2415880.001265 
 -2293191.730550 
 225509.235377 
 2597801.307368 
 2436735.893608 
 -104319.790418 
 -2476836.561666 
 -2308031.495855 
 214150.673614 
 2545327.189805 
 2349963.417732 
 -149901.876674 
 -2463192.956232 
 -2271709.747992 
 200289.284075 
 2494188.016915 
 2304563.481264 
 -176116.107675 
 -2439749.857298 
 -2247652.709489 
 221937.096955 
 2465398.824940 
 2245061.119302 
 -194314.650576 
 -2420414.582752 
 -2221029.628878 
 223007.890900 
 2440942.878849 
 2228254.622425 
 -209270.998469 
 -2408058.442816 
 -2198265.786161 
 229945.053317 
 2421226.813809 
 2194490.272399 
 -219748.428339 
 -2400862.164847 
 -2165268.244718 
 238582.108693 
 2400524.482489 
 2170732.345396 
 -229032.634948 
 -2388699.139943 
 -2142416.543764 
 252942.255776 
 2391698.196325 
 2132830.587065 
 -257473.484490 
 -2368162.967378 
 -2108441.487921 
 266516.920025 
 2377365.554908 
 2100744.196499 
 -274361.940916 
 -2361270.739323 
 -2078965.894093 
 293793.324417 
 2365173.020879 
 2071532.076063 
 -290322.902892 
 -2355981.457238 
 -2056483.802432 
 301924.935299 
 2356914.976177 
 2054346.272446 
 -304002.801115 
 -2347410.313548 
 -2039690.347282 
 318134.700700 
 2348524.706344 
 2027226.603950 
 -314097.550664 
 -2339438.870001 
 -2013889.920468 
 321558.540813 
 2431298.781265 
 2098181.567650 
 -416780.494586 
 -2597403.277779 
 -2163625.075229 
 531055.063916 
 2769355.241908 
 2221517.183033 
 -636956.105055 
 -2920734.025399 
 -2260943.611742 
 742364.260164 
 3062898.470541 
 2294485.998600 
 -838719.921186 
 -3166547.185673 
 -2298268.031160 
 920833.837504 
 3232468.821901 
 2284573.599966 
 -966117.852796 
 -3239691.378446 
 -2241349.089834 
 986496.859297 
 3177226.313688 
 2179436.779672 
 -943520.628451 
 -3036230.011413 
 -2084967.639254 
 845625.363039 
 2811608.188923 
 1967138.088024 
 -682100.411349 
 -2480735.935341 
 -1817321.283374 
 446727.429389 
 2044375.777178 
 1641158.717985 
 -108525.681418 
 -1483527.442769 
 -1436324.542179 
 -322878.330844 
 801777.906458 
 1210708.985862 
 858111.532402 
 21747.010319 
 -957335.658673 
 -1510020.216712 
 -977381.256259 
 681721.995968 
 2280045.812195 
 2082484.961004 
 -373465.317437 
 -3172885.427248 
 -3338819.831554 
 50273.699140 
 4198627.392023 
 4754071.515866 
 293154.186664 
 -5358668.376520 
 -6311596.552246 
 -661478.144038 
 6658810.761793 
 8044285.333017 
 1052226.760026 
 -8110452.093482 
 -9940456.208002 
 -1452801.341131 
 9708708.420511 
 12009108.447676 
 1876218.082650 
 -11458494.536640 
 -14242793.566932 
 -2309410.569246 
 13360420.493942 
 16633179.665713 
 2766381.346683 
 -15418533.053342 
 -19211565.717734 
 -3225179.352307 
 17648044.901511 
 21966089.024023 
 3695562.679716 
 -20035775.868248 
 -24892098.321250 
 -4183231.916298 
 22594486.701228 
 28000579.796391 
 4685984.350832 
 -25318148.283414 
 -31288626.669241 
 -5183070.450003 
 28213147.392431 
 34745672.893414 
 5704665.874486 
 -31286679.724082 
 -38378936.581426 
 -6209194.587847 
 34513116.279740 
 42195010.519409 
 6752053.990841 
 -37916331.068508 
 -46215334.837543 
 -7296165.061880 
 41515989.266285 
 50394081.857513 
 7834412.949896 
 -45261280.550178 
 -54762706.051998 
 -8386046.782697 
 49205056.022520 
 59279164.087872 
 8910880.381901 
 -53287846.841219 
 -63941895.012349 
 -9445126.806507 
 57530063.203892 
 68809901.936835 
 9995265.225902 
 -61979362.774557 
 -73848486.112261 
 -10556655.929556 
 66567892.621363 
 79076953.825993 
 11132805.848504 
 -71359405.880946 
 -84476720.941134 
 -11663394.377984 
 76286788.151440 
 90034969.981280 
 12261832.267183 
 -81345322.535599 
 -95805019.026552 
 -12931092.774907 
 86643478.455584 
 101742163.925832 
 13524465.798823 
 -92075899.904629 
 -107909429.485793 
 -14082311.619673 
 97768890.590248 
 114104541.051001 
 14678703.069213 
 -103520488.516779 
 -120560801.461197 
 -15290359.305404 
 109470537.776781 
 127232630.542222 
 15954757.846000 
 -115652070.653117 
 -134050548.541420 
 -16551476.035741 
 121958624.091531 
 141069866.331929 
 17175293.786527 
 -128471836.428187 
 -148179685.518230 
 -17694764.159677 
 135070343.649967 
 155348995.434395 
 18298180.152814 
 -141792641.520773 
 -162782624.523024 
 -18881029.958275 
 148717516.490139 
 170400304.916362 
 19444834.066307 
 -155921713.717497 
 -178158188.438280 
 -19973230.392826 
 163191825.358430 
 186050534.670074 
 20612669.774162 
 -170643716.690925 
 -194133243.641469 
 -21199519.239697 
 178139548.602117 
 202427892.450189 
 21864155.205231 
 -185908230.321157 
 -210883881.328169 
 -22411122.588043 
 193926744.380108 
 219355665.189867 
 22869700.722907 
 -201903829.689188 
 -228002147.413236 
 -23644720.947335 
 210173039.901655 
 236995037.902241 
 24261485.723890 
 -218659186.825863 
 -246115215.686711 
 -24661163.663857 
 227325065.383575 
 255167274.694715 
 25176263.198814 
 -236062708.084889 
 -264536172.243314 
 -25715456.651705 
 244955628.706749 
 274065051.899316 
 26298090.707452 
 -253980878.487655 
 -283730198.579719 
 -26765918.872475 
 263252272.529214 
 293296672.439078 
 27420201.548589 
 -272456392.786092 
 -303370370.125996 
 -28013759.925195 
 281966593.010515 
 313525768.386397 
 28457799.833824 
 -291786218.459864 
 -323744870.423379 
 -28813010.025119 
 301602567.884190 
 334070309.296456 
 29306280.879938 
 -311514705.910551 
 -344482046.296925 
 -29684913.003132 
 
